0.88639605
0.94557554
0.8915358
0.97345537
0.9901743
0.94652945
0.97809374
0.7834564
0.9075803
0.9689044
0.72731936
0.9892192
0.9540135
0.9036087
0.99710315
0.7624943
0.9290754
0.9828184
0.67338437
0.9437922
0.88816226
0.92788225
0.8649452
0.6301633
0.8261877
0.9905372
0.86296886
0.9881314
0.9900739
0.9523433
0.80305684
0.98394525
0.9769572
0.9725096
0.9839062
0.88718104
0.8483821
0.90910476
0.8647575
0.7044167
0.87876344
0.927523
0.9882462
0.8347063
0.9680712
0.8023834
0.8878063
0.8813826
0.8933561
0.907074
0.94387734
0.94401824
0.85480565
0.9397907
0.9094595
0.99540013
0.970726
0.8876288
0.8622921
0.7864247
0.5256391
0.81636
0.9838408
0.5176371
0.99382293
0.97181153
0.7935391
0.50462997
0.892964
0.65234536
0.85787684
0.9898197
0.8925663
0.9401911
0.82029414
0.9991662
0.84884
0.91445744
0.79746395
0.9350831
0.9571625
0.97700083
0.9714025
0.8725795
0.993069
0.95294225
0.98159826
0.77812004
0.9195413
0.7285519
0.91188484
0.9631725
0.9187999
0.9508385
0.96870834
0.9442599
0.9408691
0.86558217
0.9852534
0.9275203
0.9888976
0.8919944
0.92726135
0.9719312
0.6439126
0.9854735
0.95512086
0.8968082
0.9449933
0.8798976
0.53530484
0.9940442
0.99174756
0.95354706
0.9950247
0.9038709
0.9395021
0.5558619
0.918106
0.9844561
0.6737705
0.94758445
0.93288857
0.8944513
0.65906763
0.6887426
0.7863484
0.79149103
0.99978083
0.9737947
0.8790587
0.9618026
0.99986994
0.8676215
0.79546165
0.7296954
0.95709795
0.9755644
0.8722818
0.95768636
0.86390287
0.9182045
0.97071177
0.842798
0.9844792
0.9099303
0.7817418
0.9052777
0.83597356
0.9518052
0.71840787
0.99377286
0.8938634
0.98108333
0.96116996
0.88224584
0.917389
0.99832624
0.9612854
0.43153626
0.9165438
0.9583318
0.9260873
0.9543264
0.8204186
0.9596829
0.86435467
0.7026136
0.99657434
0.9474381
0.87834394
0.98749065
0.93703425
0.85974795
0.967918
0.7251607
0.8658926
0.9048102
0.8532511
0.9687927
0.9940347
0.6972996
0.9931251
0.9083921
0.84719837
0.9601384
0.8560893
0.89299107
0.77964526
0.818028
0.8785558
0.99233985
0.9887529
0.95981205
0.925581
0.9969709
0.9643416
0.75763434
0.96424985
0.6359474
0.9080324
0.99651307
0.9756398
0.9418069
0.96694
0.9793543
0.9835467
0.8564591
0.6617731
0.90888005
0.87566423
0.874484
0.8128348
0.92058593
0.9977994
0.6181207
0.92370754
0.99169165
0.9428226
0.9845898
0.5979049
0.406291
0.86455303
0.97832024
0.9556048
0.919476
0.718005
0.9492478
0.64615107
0.9499615
0.90322155
0.8422926
0.96339446
0.77851045
0.9185637
0.8037343
0.9788869
0.9981966
0.9929288
0.87274903
0.45622504
0.84557223
0.96380126
0.59896755
0.976778
0.8008388
0.7209571
0.97881335
0.9563181
0.6297155
0.9178779
0.85269547
0.9896886
0.5352243
0.6947883
0.8561039
0.98791236
0.989496
0.8152475
0.9547395
0.7770966
0.93930304
0.98837984
0.94013935
0.95755315
0.85973936
0.8372749
0.78602993
0.83307415
0.757744
0.8532401
0.89633334
0.88904136
0.7257139
0.86474776
0.87252057
0.6615753
0.72001594
0.93874145
0.38046068
0.8332715
0.9699413
0.96295637
0.9918682
0.9782184
0.98182225
0.8107598
0.9425223
0.92609787
0.93902266
0.76663136
0.8654307
0.7994356
0.96658313
0.93837315
0.9345994
0.9329873
0.68328667
0.8537278
0.6914204
0.9155351
0.92473
0.68950635
0.8441028
0.9476608
0.9751297
0.90056825
0.9506319
0.8289488
0.7062747
0.820206
0.9592442
0.9746308
0.98057324
0.6336003
0.9409025
0.97460324
0.9219915
0.9160703
0.9749676
0.7186583
0.93889713
0.8839936
0.95934564
0.87628055
0.982742
0.5819444
0.8614783
0.8662231
0.79181373
0.9710896
0.8343364
0.9554966
0.8764812
0.92385453
0.83958787
0.98822236
0.8865303
0.9217844
0.9348936
0.9246608
0.9638364
0.8950229
0.8164321
0.9609582
0.86468476
0.9673391
0.9332792
0.9822833
0.9714213
0.96694726
0.80431515
0.88592017
0.75996643
0.9953511
0.99024594
0.96926624
0.98287857
0.9565193
0.93404263
