0.6519536
0.3678699
0.54990625
0.43750566
0.9747721
0.88891023
0.6547926
0.796604
0.42406923
0.103488624
0.047576666
0.97655207
0.41162443
0.36609513
0.90999025
0.30290103
0.5523903
0.6329305
0.18417662
0.11825544
0.009156942
0.15735841
0.88229454
0.4800098
0.26952153
0.27399868
0.091427386
0.0035328865
0.37444675
0.052794516
0.5478368
0.594433
0.45759934
0.88639605
0.94557554
0.63660455
0.28120452
0.8855045
0.97345537
0.8915358
0.7786127
0.16885197
0.6405796
0.46364838
0.21765202
0.3172114
0.94652945
0.92062575
0.9067457
0.57485133
0.7834564
0.97809374
0.3377412
0.30053562
0.074219644
0.3925147
0.9689044
0.05928421
0.54344314
0.47036886
0.25608855
0.3536327
0.68794054
0.105279684
0.7632892
0.626416
0.9543124
0.39089447
0.5989625
0.40568656
0.45774144
0.76795274
0.44492108
0.6738261
0.5898563
0.8214308
0.110025465
0.039393306
0.56772953
0.10753411
0.8237746
0.88258636
0.5220643
0.67338437
0.27639502
0.54828703
0.881722
0.48926747
0.82488066
0.20612144
0.32625788
0.26197988
0.64742625
0.6867978
0.79098696
0.20123684
0.7121831
0.5249042
0.8995458
0.16000617
0.9043208
0.9901743
0.40461153
0.14209044
0.6650931
0.93123794
0.15289176
0.97252065
0.03942275
0.4113742
0.37025255
0.24335623
0.68748176
0.8383012
0.16826713
0.36654568
0.6814727
0.9075803
0.25023127
0.55697596
0.6628017
0.21551222
0.6422656
0.36842185
0.9892192
0.71778446
0.3004864
0.22591674
0.9036087
0.9540135
0.10597426
0.99710315
0.8974419
0.322955
0.33460397
0.114836276
0.22479653
0.22136956
0.51284754
0.9289569
0.9828184
0.34389126
0.33127636
0.37636703
0.95270973
0.6377135
0.8945228
0.24194217
0.1966039
0.19348186
0.18982506
0.5262272
0.69010496
0.18672854
0.5214926
0.42036062
0.124204755
0.5188745
0.6148045
0.42380983
0.24739134
0.41289133
0.6301633
0.23990536
0.9905372
0.18324304
0.24609101
0.073655486
0.3982126
0.22830927
0.9881314
0.18303764
0.5120529
0.4847061
0.5072421
0.46302903
0.32943827
0.37923056
0.88530374
0.35321164
0.6245686
0.72731936
0.62628746
0.309295
0.9727937
0.44170552
0.67436445
0.60211444
0.32955408
0.8597094
0.16586977
0.5018958
0.51829016
0.14684725
0.131517
0.46013755
0.7624943
0.9290754
0.3917603
0.34320253
0.65403223
0.66446376
0.2377103
0.5744733
0.6200941
0.0411309
0.9437922
0.5168754
0.6994216
0.07347804
0.20124066
0.86619276
0.14087838
0.14530253
0.33001256
0.3062564
0.9176333
0.8159988
0.42130166
0.66934985
0.58823174
0.30792606
0.06146109
0.8261877
0.22724241
0.06495798
0.563179
0.5289489
0.3338943
0.13479728
0.44406724
0.86296886
0.82542264
0.84644777
0.28234935
0.8694052
0.69089574
0.40858644
0.12304604
0.9891044
0.87318516
0.40191805
0.98394525
0.50506294
0.8153375
0.9769572
0.12835705
0.698648
0.11365956
0.53893214
0.7007078
0.095508754
0.9725096
0.21510118
0.5490566
0.9839062
0.19855213
0.6556316
0.66042054
0.8483821
0.90910476
0.8374813
0.51544756
0.2619444
0.1615839
0.49359357
0.59839046
0.6252983
0.16532105
0.8524823
0.7631445
0.88816226
0.18811297
0.005315244
0.14307529
0.67917424
0.92788225
0.39135057
0.31818664
0.8649452
0.26309717
0.1347971
0.18016058
0.49816358
0.8079685
0.54894847
0.80837774
0.08989406
0.8109808
0.85756654
0.17985839
0.7928814
0.0012729168
0.33382142
0.028913915
0.8326097
0.9523433
0.9900739
0.0017511845
0.9330486
0.28316677
0.15712386
0.2529394
0.80305684
0.3159467
0.03242594
0.71755475
0.5546514
0.367508
0.01486969
0.890631
0.9059768
0.85613084
0.6863493
0.7756843
0.085831106
0.88557553
0.119874656
0.6949889
0.7116568
0.020795405
0.3670221
0.3614602
0.3412571
0.39703768
0.8647575
0.0775103
0.3296504
0.16899633
0.43276352
0.7910543
0.18341076
0.57839394
0.4342965
0.5073174
0.07517487
0.9061006
0.59786755
0.8347063
0.6012364
0.63316053
0.19184768
0.2588141
0.032865822
0.8023834
0.2769012
0.63520676
0.18276161
0.7608955
0.3398984
0.1837858
0.3001899
0.0047121644
0.809361
0.7513854
0.5870222
0.14278865
0.8933561
0.4205122
0.92030156
0.4592979
0.6835905
0.9616085
0.27111238
0.45846456
0.33320147
0.4282778
0.629566
0.45452708
0.25158232
0.21120763
0.5507262
0.41071212
0.22428012
0.88718104
0.1287623
0.5669951
0.5239562
0.0639562
0.57315123
0.3378874
0.7389826
0.19081211
0.08538693
0.0053877234
0.36305285
0.7044167
0.63847107
0.49164516
0.004650116
0.35178924
0.0107114315
0.9272707
0.56986374
0.927523
0.0016728044
0.90954924
0.55122817
0.3302548
0.9882462
0.39414746
0.7520591
0.39962733
0.9680712
0.4294505
0.7045505
0.3926208
0.8878063
0.3446598
0.017840028
0.8122255
0.84152764
0.61052674
0.3518541
0.20150465
0.2564094
0.67056423
0.8820403
0.76374334
0.5378552
0.16982704
0.67523247
0.92278904
0.10146034
0.81665266
0.2981823
0.37759018
0.85480565
0.86951196
0.009202778
0.064439654
0.45799977
0.5826693
0.11233193
0.8017455
0.1988821
0.70919585
0.32060868
0.99540013
0.021315634
0.31681496
0.022661269
0.0855822
0.8622921
0.7425044
0.6034786
0.7864247
0.74350643
0.7605554
0.6629425
0.6285166
0.14558083
0.29593128
0.87876344
0.76230806
0.047037244
0.09989989
0.8452485
0.5400249
0.8599201
0.4318065
0.046357214
0.72194767
0.3927346
0.31167978
0.56719285
0.5723909
0.41498077
0.43505067
0.6625109
0.8813826
0.034988463
0.7068175
0.2149623
0.04537183
0.17989159
0.907074
0.52740777
0.6676441
0.64914995
0.28663898
0.94387734
0.08501327
0.009203196
0.28853542
0.42782563
0.87974185
0.35144657
0.4495101
0.44621557
0.18074495
0.07363182
0.9397907
0.8751351
0.4245444
0.9094595
0.09860802
0.39546496
0.84696335
0.11481738
0.8876288
0.40018302
0.60170496
0.26303726
0.110215604
0.23356664
0.04123658
0.26992333
0.40750527
0.34568888
0.1851247
0.27956945
0.08086491
0.09373659
0.7705888
0.91316277
0.85851544
0.119612575
0.92296475
0.9896676
0.09305245
0.734457
0.019018829
0.98149836
0.5472193
0.8239158
0.28273958
0.052635312
0.7280241
0.5072716
0.22700274
0.90559053
0.6735866
0.13634348
0.6774673
0.88756955
0.23727113
0.004410267
0.08264327
0.6760933
0.019045949
0.24811006
0.94401824
0.4140284
0.80624413
0.81376946
0.22544193
0.2216667
0.5466362
0.46269125
0.06620371
0.31121236
0.84069926
0.26459116
0.4537679
0.15055978
0.28306806
0.970726
0.07144511
0.105752826
0.40745258
0.23199177
0.749031
0.46527022
0.65375495
0.54478854
0.3583054
0.5863276
0.68478996
0.7413792
0.39605218
0.7584436
0.25661469
0.10256231
0.4500916
0.41088593
0.08876234
0.032482147
0.79882246
0.5001517
0.31504846
0.85275644
0.1023348
0.49365658
0.95948416
0.25504464
0.8980487
0.8636358
0.58240485
0.5801352
0.42190713
0.8330523
0.97636676
0.18791968
0.7901418
0.47640926
0.008417487
0.7082916
0.38776678
0.35460562
0.033280075
0.05706048
0.59769255
0.6246001
0.13664782
0.90766066
0.63089716
0.58101714
0.7472621
0.6516159
0.57823455
0.6928535
0.04926473
0.07106519
0.3094144
0.9743054
0.7436524
0.65113515
0.034145594
0.0058341026
0.7651059
0.01045388
0.3650015
0.31539088
0.4553877
0.92772615
0.6822205
0.21599239
0.47730345
0.21593934
0.75501907
0.5256391
0.711465
0.12599248
0.31758237
0.5993581
0.27059585
0.62783873
0.13812351
0.3247934
0.13271338
0.10203892
0.10399288
0.6659831
0.012993038
0.8890851
0.97181153
0.0014021993
0.75279003
0.38805455
0.16366994
0.2942999
0.50462997
0.30813777
0.24975014
0.18369824
0.6506641
0.892964
0.65234536
0.53884864
0.8410678
0.20484102
0.439646
0.40485078
0.375772
0.8925663
0.5993049
0.14000261
0.24569213
0.41223848
0.7526959
0.61132854
0.41458023
0.7534084
0.9991662
0.3991748
0.6766248
0.43209314
0.19140273
0.029863596
0.028659582
0.742696
0.26857913
0.21130437
0.55701375
0.13879442
0.72147584
0.13368618
0.8013894
0.7985698
0.38654852
0.10036641
0.81636
0.36475646
0.69886106
0.31792444
0.47226703
0.4483335
0.5176371
0.9838408
0.50551975
0.99382293
0.5050361
0.59725934
0.72906816
0.2403109
0.8207824
0.05349475
0.7090258
0.7935391
0.118222475
0.66006553
0.45088404
0.07215959
0.3791322
0.29021776
0.5483485
0.43818927
0.3831836
0.37735385
0.39056093
0.85787684
0.8007707
0.33264816
0.80875045
0.69630706
0.30177265
0.52372056
0.3445297
0.30628937
0.9401911
0.42987657
0.7292945
0.219957
0.53476924
0.5057586
0.66381705
0.5072324
0.15607256
0.42561746
0.83140594
0.84884
0.051429093
0.21982628
0.88521725
0.11517149
0.2424823
0.59190387
0.279167
0.90507007
0.84234816
0.18397129
0.3195938
0.1746667
0.7934965
0.9326307
0.91182345
0.82951635
0.009764075
0.38639224
0.46468234
0.54135484
0.5353033
0.6441633
0.7173885
0.2865106
0.28813958
0.38452822
0.8203289
0.89048475
0.72963
0.20465738
0.034830153
0.6846396
0.54041445
0.41826826
0.687052
0.5311052
0.5553627
0.9300711
0.90142995
0.80832416
0.8216978
0.4506399
0.9898197
0.12782401
0.7612948
0.37673235
0.45845246
0.57075614
0.12348801
0.82029414
0.1928801
0.17985696
0.7174617
0.58574533
0.003847003
0.80220896
0.69721836
0.7928047
0.6383293
0.09052199
0.11805999
0.79746395
0.91445744
0.016538084
0.2930351
0.5674559
0.9350831
0.34702885
0.8302956
0.40965414
0.5842176
0.16840947
0.97700083
0.5116094
0.23439145
0.9714025
0.50580317
0.6072639
0.8725795
0.65246344
0.60178804
0.30609488
0.55704385
0.6506134
0.7859696
0.6009866
0.09715885
0.17231679
0.5565919
0.07117492
0.77812004
0.9195413
0.2887044
0.4873296
0.7285519
0.048793316
0.14067626
0.70630527
0.9627791
0.22002262
0.18244487
0.6341682
0.6273229
0.57345575
0.3354332
0.9187999
0.9508385
0.037671268
0.75343615
0.96528316
0.09326434
0.5932213
0.8321499
0.96870834
0.18370378
0.69607526
0.9442599
0.6675672
0.14555788
0.42136002
0.388475
0.9852534
0.48292905
0.29461235
0.9275203
0.94500285
0.9264786
0.75258374
0.773838
0.09846175
0.93710065
0.9571625
0.07385123
0.44025755
0.10607082
0.11834806
0.02859658
0.09083396
0.05710119
0.94837797
0.8645934
0.993069
0.6392893
0.5383348
0.95294225
0.040970504
0.5595782
0.03927076
0.54458505
0.98159826
0.30498022
0.91666126
0.08526057
0.18326914
0.03871417
0.8036367
0.5511737
0.29903615
0.822227
0.6999791
0.8880524
0.39758068
0.3052047
0.47694176
0.14027357
0.49751806
0.34414542
0.86878395
0.19707721
0.7131282
0.34654194
0.6005297
0.91545165
0.8299815
0.6553599
0.64836043
0.48439276
0.13635737
0.2980634
0.6402193
0.121026695
0.32170266
0.07065451
0.8647
0.6615964
0.9760047
0.024581492
0.6491708
0.32630193
0.9888976
0.10094857
0.6137
0.8919944
0.14221537
0.7115503
0.013864338
0.3214236
0.075169384
0.123554766
0.27916884
0.67460454
0.20783389
0.6075006
0.6439126
0.9854735
0.56467944
0.11415124
0.56677824
0.3510238
0.5751182
0.17074054
0.8293687
0.11184347
0.6999398
0.44261116
0.8315493
0.8798976
0.9779585
0.64045924
0.91188484
0.6516599
0.21124405
0.9631725
0.17181623
0.09986746
0.8197243
0.111423194
0.7872742
0.15670508
0.60670185
0.60600907
0.71401584
0.64544964
0.42159832
0.45282155
0.75637203
0.5218222
0.9408691
0.86558217
0.5359932
0.07317883
0.83533883
0.3311209
0.56106275
0.074516356
0.7408742
0.68253
0.98232394
0.88850355
0.8771999
0.6299253
0.8478978
0.35522777
0.38104087
0.03482133
0.85079783
0.59199905
0.14080352
0.65186965
0.47740477
0.4728099
0.36097133
0.75329345
0.5182937
0.0014019608
0.16037017
0.13423777
0.9150506
0.8968082
0.08624774
0.1032446
0.5919518
0.8503905
0.4649905
0.20530337
0.9449933
0.35873592
0.63656586
0.979488
0.14652765
0.22583234
0.22954082
0.90868855
0.95075834
0.69891423
0.99174756
0.35431153
0.098148644
0.8849419
0.0052167773
0.77465165
0.52794427
0.5242682
0.10864645
0.66593087
0.5662074
0.9038709
0.6703619
0.46406335
0.43175983
0.5558619
0.8904077
0.4432819
0.43787974
0.6164934
0.26451594
0.92357
0.7427433
0.5763242
0.889521
0.5278943
0.1981957
0.6029997
0.92726135
0.87947464
0.5974662
0.5478723
0.74293417
0.9719312
0.20203662
0.27278882
0.20742488
0.1367842
0.32311773
0.6055948
0.95512086
0.4055807
0.023566604
0.6159315
0.5326885
0.8840901
0.46505338
0.3063388
0.484106
0.410506
0.8429438
0.26877934
0.22784239
0.2343378
0.0075265765
0.8773121
0.53530484
0.9940442
0.8015173
0.56646943
0.5459512
0.58818257
0.8049428
0.95354706
0.39224112
0.25633287
0.89967597
0.039390743
0.9950247
0.3569349
0.5750215
0.75688744
0.33422512
0.45773852
0.66346055
0.5328695
0.3229785
0.06377041
0.9050249
0.5737609
0.3707562
0.28738314
0.79594076
0.3477381
0.21318012
0.3701536
0.12602186
0.1031633
0.34523195
0.054107606
0.94085974
0.63098234
0.6732624
0.9904542
0.39034927
0.84462273
0.31570798
0.27443063
0.8194598
0.9559341
0.96747303
0.17455232
0.8450425
0.17701495
0.5905092
0.14506239
0.41178733
0.46792388
0.87198836
0.7045554
0.6573977
0.57969683
0.16515034
0.14445561
0.0923779
0.7252008
0.15389138
0.07310635
0.20494539
0.9927561
0.9832553
0.9500234
0.50594485
0.79468083
0.36728925
0.6376397
0.58891
0.1812324
0.23698217
0.15847713
0.522809
0.8407456
0.4361949
0.03249508
0.9395021
0.41929126
0.82205063
0.48288912
0.918106
0.27106655
0.12546277
0.9844561
0.8633719
0.5802297
0.46699184
0.9837567
0.18165755
0.898982
0.8760147
0.86122775
0.668859
0.46537423
0.052167714
0.32314235
0.97916985
0.0027561784
0.69064206
0.5798791
0.18952012
0.5113747
0.77144146
0.58107793
0.63507265
0.8983927
0.43911737
0.46599418
0.20495194
0.14942682
0.74023926
0.48218966
0.55623287
0.21965915
0.62090224
0.38571608
0.68411607
0.7416708
0.491773
0.11917746
0.9247791
0.8188634
0.5843476
0.7751296
0.7923045
0.3170662
0.18631816
0.7342233
0.69867134
0.52997434
0.11894679
0.7582148
0.94813454
0.1627332
0.8555739
0.7233237
0.07863408
0.49007934
0.24475503
0.1777628
0.58467543
0.8104223
0.8368732
0.6313462
0.99805415
0.9716478
0.21850377
0.3308851
0.6331279
0.31822252
0.40201372
0.94758445
0.04645574
0.18960243
0.0062277913
0.6203301
0.5747629
0.2672667
0.65906763
0.6298755
0.53338563
0.50248355
0.741272
0.35224432
0.20530415
0.42395836
0.45142734
0.79149103
0.21620399
0.2241177
0.9431947
0.9737947
0.99978083
0.23183554
0.43107384
0.21586263
0.5876875
0.5837095
0.55080926
0.44013017
0.99986994
0.9618026
0.65882134
0.03857553
0.069909334
0.3537444
0.60696805
0.56256837
0.68891037
0.7296954
0.7899028
0.093046665
0.4795184
0.68909806
0.8637734
0.10737884
0.054493666
0.43231863
0.1418742
0.49482626
0.029978454
0.56624115
0.8722818
0.23355001
0.76814276
0.26615942
0.6737705
0.88530797
0.53773695
0.028688908
0.83541423
0.70813066
0.31762987
0.49561638
0.93288857
0.55504
0.41405082
0.8944513
0.4296772
0.5635536
0.026468992
0.3110727
0.015363038
0.6887426
0.7863484
0.46792686
0.7395231
0.018208861
0.56249297
0.33889043
0.30328858
0.97333544
0.31007898
0.24462181
0.35249084
0.3715737
0.427397
0.72310454
0.8790587
0.8764291
0.2488594
0.27333343
0.06975591
0.815937
0.25222802
0.6198335
0.20042694
0.8676215
0.485924
0.5792165
0.12783796
0.44784427
0.7066868
0.22863817
0.7993468
0.17323893
0.45633495
0.65016824
0.049093008
0.9755644
0.841286
0.95768636
0.43503898
0.31504077
0.14335012
0.6271376
0.081183195
0.7632279
0.1618399
0.6168683
0.97071177
0.9182045
0.26338965
0.4322033
0.8986486
0.50472975
0.5984199
0.6014322
0.46000856
0.64344627
0.75812936
0.9099303
0.39664716
0.7824125
0.69461524
0.09471464
0.21710867
0.40329897
0.53359526
0.2552554
0.00890255
0.364618
0.17915529
0.6896718
0.91321117
0.52097213
0.2671007
0.80384254
0.05449891
0.88689494
0.57885563
0.30463535
0.5766226
0.47056365
0.62121314
0.26826578
0.79546165
0.4994946
0.35648215
0.55442464
0.10191494
0.65390337
0.34469467
0.7247734
0.95709795
0.11397749
0.7540392
0.37472206
0.23363006
0.7476548
0.23773772
0.7952606
0.63663423
0.15171015
0.23002696
0.62037516
0.6362326
0.1824851
0.3365625
0.6312726
0.8967284
0.6719797
0.33040297
0.6704263
0.18914765
0.7298532
0.573955
0.731188
0.13201404
0.43364602
0.5413859
0.18553561
0.24389601
0.40773016
0.7817418
0.33759564
0.43180364
0.46817678
0.18301278
0.45371234
0.12312347
0.4396903
0.23012263
0.9518052
0.85986245
0.79323024
0.4006223
0.44447273
0.71840787
0.06450051
0.5080961
0.55979574
0.122042656
0.62057585
0.04453069
0.92467564
0.61819124
0.98108333
0.049914896
0.31579745
0.92372054
0.52802455
0.5527544
0.5118279
0.7529431
0.99832624
0.8603726
0.04352647
0.5598672
0.5318963
0.44108427
0.2940563
0.9612854
0.23461431
0.116561055
0.54291964
0.68202084
0.5007608
0.86390287
0.28079885
0.8611519
0.5937922
0.75161713
0.5481985
0.7578137
0.842798
0.4778272
0.6273142
0.9844792
0.02439022
0.042518556
0.8069294
0.4036795
0.68390876
0.13974094
0.9052777
0.42679018
0.05791974
0.83597356
0.14531142
0.19038236
0.68700224
0.7165658
0.19558108
0.92209744
0.50198644
0.43965572
0.99377286
0.6423108
0.2807423
0.2933755
0.26478112
0.56203675
0.34377187
0.8085739
0.018171012
0.8664511
0.04544604
0.6948743
0.6061187
0.63278717
0.88224584
0.74932927
0.1537897
0.591198
0.9811395
0.62371653
0.81133145
0.35396916
0.5132685
0.42885333
0.43153626
0.78752476
0.41418976
0.78633213
0.20604986
0.5054506
0.013194025
0.19995433
0.5014002
0.9260873
0.9583318
0.18355751
0.11597139
0.7288638
0.12916446
0.8204186
0.4345054
0.8074779
0.66024625
0.2445702
0.03294587
0.51106435
0.06578618
0.78042376
0.18272084
0.3021049
0.124694526
0.5406048
0.23715645
0.5151617
0.47374922
0.052840114
0.9474381
0.6006114
0.4714877
0.52497566
0.15070444
0.5373285
0.118068755
0.8938634
0.5803038
0.15950423
0.10869473
0.77164054
0.90258926
0.67607516
0.56787294
0.80261385
0.7977541
0.96116996
0.515103
0.23071814
0.47613192
0.7336204
0.6798511
0.917389
0.414707
0.846315
0.78831065
0.8884035
0.17542648
0.4183216
0.24090499
0.6635726
0.15388364
0.20915598
0.27504843
0.9165438
0.32335782
0.8697196
0.7444403
0.75508946
0.17447293
0.8164996
0.77255803
0.1219458
0.31872493
0.53596646
0.7603579
0.1065135
0.19789803
0.86435467
0.66773957
0.39544725
0.45674437
0.43132198
0.6312653
0.7339497
0.31772572
0.7162336
0.517144
0.10945696
0.8582184
0.020821631
0.5736362
0.87834394
0.31883234
0.22125787
0.4858755
0.7033389
0.98749065
0.23426735
0.521735
0.86715275
0.2750963
0.60134494
0.34246296
0.70676833
0.17881376
0.43828171
0.6378581
0.19205284
0.44941813
0.8658926
0.7378268
0.048209786
0.3099072
0.43613088
0.08917785
0.73953426
0.8040954
0.58925766
0.7077858
0.0054644346
0.9911666
0.71525216
0.7888696
0.81805646
0.8243024
0.42496634
0.8520133
0.56789315
0.6560492
0.71384734
0.9543264
0.03649509
0.43451732
0.54110086
0.9596829
0.5564497
0.45344996
0.37470043
0.58610374
0.6080984
0.7026136
0.5305334
0.5019835
0.99657434
0.20178342
0.77319777
0.6389829
0.30818033
0.67572933
0.1334002
0.84995997
0.849749
0.111801505
0.6508044
0.055562973
0.07359058
0.9768304
0.5798123
0.29534978
0.3350072
0.45605433
0.967918
0.7228168
0.28480607
0.21297872
0.21620631
0.7251607
0.46997118
0.18244183
0.7564654
0.80494684
0.8431091
0.59329027
0.8417216
0.24782443
0.18193072
0.46288294
0.589823
0.9687927
0.87617075
0.9415315
0.5472613
0.75078773
0.65024686
0.7446296
0.55499697
0.73163354
0.84101564
0.4630236
0.7230564
0.13220572
0.3595389
0.85823035
0.8197701
0.6146571
0.32649106
0.9837388
0.29841936
0.33558655
0.30003822
0.9133011
0.05787182
0.21133828
0.051525354
0.6730518
0.78209597
0.8954263
0.29197496
0.8920382
0.123714924
0.68847895
0.22117633
0.15061122
0.38412416
0.86929137
0.93703425
0.6768281
0.74486816
0.097501636
0.2241829
0.094688356
0.022480369
0.85974795
0.3485778
0.5077208
0.67310023
0.04163736
0.6854692
0.20391804
0.011414468
0.32055873
0.074448824
0.9048102
0.12243503
0.6614385
0.8532511
0.09313017
0.011453807
0.27270842
0.8889928
0.7241851
0.95881987
0.029924214
0.6681961
0.7468875
0.22172016
0.43219024
0.51248664
0.7475134
0.3072672
0.44930428
0.50727224
0.76600856
0.0041800737
0.5087014
0.66504115
0.8210925
0.8772032
0.8148361
0.26964653
0.53684396
0.66830796
0.9016829
0.6383216
0.27851218
0.87804973
0.14679426
0.32532412
0.29476202
0.23101759
0.7539392
0.3502934
0.18804044
0.5732058
0.16036338
0.4448067
0.5336744
0.28963137
0.27787536
0.08603144
0.19563293
0.8262852
0.3460992
0.49395752
0.13023776
0.63449717
0.8308125
0.25454694
0.4303183
0.22284973
0.7372948
0.71670395
0.5886599
0.80603933
0.23948032
0.83913344
0.3212673
0.4755442
0.83856344
0.72513723
0.64169014
0.13704169
0.13903964
0.08249766
0.6424225
0.43438113
0.2158314
0.8189745
0.1374135
0.9931251
0.055336118
0.8427589
0.004398048
0.8311129
0.029348135
0.84719837
0.9601384
0.8560893
0.8480167
0.56567883
0.14589155
0.74538267
0.86408925
0.77964526
0.038663805
0.33355206
0.593939
0.7643886
0.7657396
0.57399714
0.08486211
0.6308015
0.42250484
0.03975153
0.99233985
0.67795825
0.8263188
0.80226815
0.92718554
0.9887529
0.95981205
0.11606419
0.022221982
0.22721952
0.9969709
0.10014701
0.22171617
0.9643416
0.4905635
0.9350245
0.74226344
0.39888293
0.75763434
0.67234385
0.36441487
0.3168167
0.28376
0.5244141
0.25911754
0.9165082
0.66433907
0.9940347
0.6972996
0.9009889
0.6200326
0.111528456
0.13273197
0.6503572
0.9083921
0.6028203
0.7228525
0.04422331
0.3373826
0.7121441
0.6683477
0.05671376
0.34612036
0.4791094
0.11564124
0.044550836
0.6118877
0.61823064
0.89299107
0.06448692
0.6720821
0.7771941
0.818028
0.37799656
0.11405009
0.32930207
0.32505184
0.68028814
0.67084855
0.8785558
0.71801424
0.71553135
0.8475492
0.14078432
0.49902362
0.20009637
0.8376876
0.12245208
0.13276863
0.20384115
0.30054075
0.064858675
0.7183091
0.63947874
0.10473561
0.16259599
0.18421155
0.40397358
0.08105701
0.96424985
0.089601636
0.83842
0.222036
0.3215714
0.010725856
0.110331655
0.07424766
0.15387535
0.48184597
0.44696248
0.13468868
0.9756398
0.16846389
0.708274
0.63270956
0.20610744
0.86508846
0.34548384
0.04141128
0.8168612
0.09747946
0.733328
0.45016986
0.48773092
0.46570826
0.74133223
0.8564591
0.69415575
0.3369878
0.008763254
0.67558086
0.02472794
0.24675435
0.24621618
0.5338756
0.013864636
0.48656106
0.37247258
0.023709357
0.27378082
0.06977767
0.29933637
0.8737669
0.5584752
0.82292885
0.93084013
0.8368457
0.22162086
0.40322477
0.925581
0.37001872
0.5066624
0.5168066
0.834924
0.85184354
0.72841763
0.58289397
0.80074763
0.645945
0.9481895
0.45915532
0.02967912
0.5675099
0.6658534
0.6359474
0.21160251
0.20409209
0.2957551
0.3234009
0.9080324
0.81662565
0.095093966
0.41471398
0.39448082
0.9418069
0.7821401
0.49206603
0.28461307
0.803006
0.96694
0.31563103
0.023760974
0.011725366
0.69960856
0.0992676
0.9381057
0.24538958
0.9835467
0.61175346
0.14347357
0.52244306
0.111210346
0.87125653
0.36653548
0.27194417
0.94451165
0.66196406
0.87566423
0.8545897
0.49667937
0.35943335
0.65999794
0.52024615
0.42151242
0.5576914
0.7133493
0.17315453
0.9977994
0.74652505
0.5797499
0.30489123
0.52598166
0.3971765
0.45371503
0.29988575
0.25530815
0.40311062
0.32336318
0.062925756
0.27541053
0.7490721
0.45155197
0.5145655
0.9428226
0.9845898
0.8441175
0.017108798
0.43986446
0.5310449
0.67921346
0.7929507
0.14490062
0.99651307
0.3199666
0.77793056
0.48415005
0.4173745
0.6603272
0.7145301
0.7871999
0.2535106
0.62807447
0.50002605
0.28045547
0.9793543
0.47389036
0.8154687
0.49059707
0.2114687
0.40178257
0.7270269
0.5608792
0.8503402
0.6617731
0.90888005
0.07854527
0.24061596
0.2968573
0.7879654
0.43255496
0.36186618
0.8128348
0.8630955
0.13864356
0.92058593
0.3996923
0.30496037
0.7964197
0.4564287
0.6774787
0.1000483
0.55422914
0.6181207
0.6760423
0.16248739
0.033486843
0.99169165
0.7922217
0.203121
0.7083217
0.4155417
0.5561961
0.68006575
0.9346974
0.32267112
0.06325889
0.57243687
0.10601652
0.38166714
0.5979049
0.39969492
0.5236912
0.30148154
0.5788432
0.024029553
0.65989065
0.79814255
0.936726
0.6805797
0.9556048
0.07804614
0.4004889
0.22830248
0.10654986
0.38969666
0.44116712
0.48597014
0.056379855
0.23251355
0.097431004
0.5869083
0.20714796
0.52577525
0.3287546
0.9499615
0.35570896
0.25506634
0.56378645
0.035076916
0.6490696
0.28398103
0.680886
0.874484
0.40332603
0.812697
0.4830007
0.59588534
0.12156135
0.28399718
0.688304
0.4055344
0.09250426
0.04855424
0.92370754
0.5677512
0.6766797
0.2796455
0.20782715
0.58674747
0.71803516
0.6596305
0.7232019
0.684674
0.52674556
0.31400502
0.6491429
0.61092216
0.5159375
0.406291
0.3367921
0.054156184
0.42349017
0.35670078
0.849794
0.85384434
0.47714055
0.35352814
0.43390495
0.17170572
0.11827338
0.005933583
0.9428457
0.919476
0.56419915
0.7461035
0.36619252
0.10295504
0.718005
0.9492478
0.23251063
0.3976031
0.5173708
0.31279695
0.49669546
0.8317678
0.89754015
0.9374745
0.33313388
0.5671377
0.47767544
0.44346595
0.76070195
0.058596432
0.8201543
0.6485639
0.96339446
0.77851045
0.6307068
0.23824513
0.38283342
0.07879561
0.045876086
0.03403455
0.695713
0.336237
0.5785833
0.9981966
0.21857226
0.16038471
0.97596765
0.9938365
0.16320997
0.31776768
0.336232
0.15868634
0.32403642
0.37226802
0.535679
0.076426566
0.27580857
0.2955798
0.8616859
0.24074912
0.86455303
0.060292244
0.10389954
0.060219944
0.011041284
0.97832024
0.7885673
0.75095886
0.16803133
0.2853701
0.047843874
0.51071215
0.53751904
0.3354947
0.47474986
0.8226485
0.64615107
0.022027671
0.6374684
0.58421177
0.11153126
0.5755588
0.3095039
0.680522
0.30969882
0.51115525
0.6779221
0.8422926
0.82628727
0.60596156
0.8594146
0.4483667
0.04808092
0.44936794
0.85723495
0.15721363
0.40022278
0.042731762
0.9185637
0.12360805
0.19521135
0.3183809
0.10033631
0.43234074
0.27913868
0.5291421
0.17735481
0.2004512
0.9497638
0.28981185
0.022239923
0.7359424
0.29068732
0.022375345
0.3174168
0.6840391
0.4731078
0.6284349
0.5790591
0.50837994
0.2262392
0.9763821
0.94381374
0.09420419
0.54280365
0.5462024
0.101632714
0.54136246
0.8413934
0.8939155
0.9592118
0.30802453
0.12719065
0.10284376
0.33163023
0.335649
0.056213617
0.7069769
0.7168633
0.0004746318
0.848493
0.26261276
0.20810407
0.81599027
0.90322155
0.55519086
0.53794044
0.5581537
0.20188403
0.8215245
0.063375235
0.19426936
0.7582813
0.10215062
0.43912244
0.13667786
0.45882636
0.63215774
0.88274163
0.8037343
0.84973055
0.0037140846
0.1273995
0.52140886
0.9788869
0.25346696
0.5997903
0.18176937
0.5078136
0.87274903
0.9929288
0.09329516
0.47450048
0.56966764
0.24222344
0.22014469
0.20940197
0.93474656
0.95518965
0.22830957
0.28771448
0.7062529
0.20254505
0.68981737
0.08025432
0.7912287
0.25267214
0.8192736
0.5707923
0.81726104
0.4383003
0.2729624
0.032278
0.4173187
0.2587002
0.97570646
0.72644144
0.50420105
0.34791064
0.23015308
0.059246123
0.026334643
0.7473689
0.00057679415
0.7002409
0.8644985
0.36924708
0.7478175
0.07290298
0.80484635
0.73056406
0.9675896
0.7390696
0.90966976
0.83695096
0.8245162
0.3738563
0.4177488
0.049808025
0.62508595
0.7583004
0.20867181
0.6085405
0.919906
0.13577497
0.63046616
0.5018051
0.67690116
0.51741827
0.8713354
0.8030387
0.043307662
0.9360252
0.8552379
0.45622504
0.7755282
0.3308987
0.84557223
0.96380126
0.6960691
0.43459046
0.3495006
0.21204352
0.14688545
0.9621273
0.551591
0.51194525
0.5622893
0.8939852
0.4273519
0.7209571
0.8008388
0.32495898
0.6049121
0.100972176
0.9016365
0.1940074
0.68728477
0.9541872
0.29475784
0.7441193
0.6297155
0.49178505
0.07736117
0.022523344
0.8418517
0.50185335
0.3418213
0.6846091
0.8154184
0.472948
0.27349538
0.92576444
0.5352243
0.19110996
0.3349613
0.5035893
0.59878695
0.6947883
0.2421673
0.98791236
0.8561039
0.2681812
0.6224474
0.97815526
0.989496
0.8152475
0.5413743
0.64030623
0.8964922
0.62524945
0.61440074
0.03565103
0.00272125
0.28335643
0.62790984
0.29595214
0.5877744
0.42702436
0.5579753
0.78180295
0.59896755
0.04984629
0.04619211
0.17774951
0.5175036
0.976778
0.124815226
0.16397744
0.07302952
0.21924132
0.7358227
0.09370619
0.7684157
0.11062127
0.97881335
0.07788861
0.0602715
0.9563181
0.45188284
0.91428804
0.57681894
0.19284916
0.79553896
0.9178779
0.04817027
0.15336514
0.85211897
0.9896886
0.59209585
0.04835725
0.28069395
0.9774725
0.051657796
0.57503045
0.49044877
0.4615606
0.04360503
0.26698607
0.13118494
0.37310302
0.1864841
0.31500345
0.0646795
0.033387005
0.50160056
0.69739306
0.17014402
0.060751975
0.16515541
0.48876798
0.9547395
0.18727493
0.21197397
0.54028827
0.8566132
0.7770966
0.55462635
0.98259366
0.9336258
0.98837984
0.94013935
0.981688
0.46969914
0.34485024
0.39782047
0.95755315
0.8473979
0.69160235
0.85973936
0.01095736
0.50357944
0.22852248
0.18900263
0.43281782
0.16780376
0.48309255
0.18018615
0.106211126
0.22581774
0.06838596
0.757744
0.6293038
0.8222925
0.30672175
0.85269547
0.46868205
0.17632091
0.54484683
0.46460813
0.09327066
0.23588955
0.910419
0.24300784
0.0006943345
0.48453963
0.09772557
0.21232033
0.5040911
0.5985223
0.8772904
0.33074957
0.18171883
0.59353036
0.1587742
0.18392801
0.7580917
0.077477574
0.10985696
0.66955525
0.29275626
0.69698346
0.7885664
0.7024488
0.43504792
0.777244
0.16393721
0.04639536
0.32407779
0.07125783
0.046242893
0.12288016
0.071655095
0.817743
0.26329112
0.7715873
0.13727576
0.74298394
0.24658722
0.852355
0.22123474
0.7439528
0.14864403
0.64416873
0.0008350611
0.06372833
0.83307415
0.08043766
0.18409836
0.074498415
0.50262874
0.57677996
0.36814553
0.56376094
0.83331525
0.17278159
0.6492462
0.4249326
0.66190463
0.8233067
0.5398863
0.42881465
0.4838711
0.29834026
0.05742091
0.71573335
0.86474776
0.02221185
0.16994023
0.73215806
0.50280154
0.58747077
0.14866936
0.71175706
0.6615753
0.6787155
0.47950244
0.56673175
0.93874145
0.38046068
0.6981267
0.35157704
0.10053879
0.75879776
0.70988274
0.93930304
0.40351516
0.18821311
0.25362873
0.66604376
0.5923997
0.8982869
0.9407983
0.46301186
0.95313233
0.42754805
0.5128702
0.4112674
0.755579
0.04688418
0.669034
0.6115972
0.7093783
0.54848355
0.8372749
0.78602993
0.1871416
0.47418088
0.77555823
0.17560941
0.6709827
0.22861671
0.128923
0.7280438
0.76394355
0.5801665
0.56435615
0.89633334
0.8640202
0.6985338
0.7704144
0.05186206
0.74856466
0.7257139
0.820808
0.27988166
0.3049658
0.87252057
0.5504797
0.03257543
0.37598646
0.579289
0.18824184
0.72001594
0.23664773
0.648753
0.21326977
0.2990836
0.2586648
0.27730483
0.010278165
0.2866962
0.5079869
0.4097584
0.22157258
0.05471033
0.66325796
0.6729537
0.44258857
0.30544263
0.71013165
0.95925313
0.93235976
0.7415044
0.53400534
0.08101404
0.9782184
0.018822074
0.51482373
0.175488
0.019248426
0.019960403
0.48152435
0.67045426
0.7201006
0.9425223
0.2749793
0.18090183
0.832962
0.3875957
0.1955474
0.93902266
0.23360527
0.013386786
0.6122108
0.4765365
0.8532401
0.05105424
0.12925047
0.012309074
0.09748012
0.10024053
0.88904136
0.21744514
0.54783237
0.5232977
0.56689286
0.021778345
0.83374834
0.38312382
0.61984175
0.760049
0.6595515
0.13916755
0.31148046
0.48431963
0.7207949
0.30157942
0.21975929
0.05749309
0.42322952
0.041390777
0.5240805
0.47087353
0.54100806
0.6907693
0.8332715
0.27092326
0.5415284
0.81181526
0.96194285
0.85679096
0.4917699
0.8743808
0.4423151
0.21743828
0.6780105
0.1473012
0.20511854
0.7208851
0.044768095
0.12977958
0.30711877
0.5400531
0.8107598
0.5070166
0.8776385
0.71254504
0.8731407
0.12265861
0.60921264
0.017152786
0.3681659
0.59847575
0.359833
0.0050203204
0.5426777
0.16431558
0.012932122
0.13575107
0.74214303
0.5393419
0.7892078
0.96658313
0.14162028
0.085460305
0.68977094
0.20581466
0.64788115
0.2138865
0.5057606
0.9345994
0.14373964
0.13358402
0.329539
0.6576515
0.5664526
0.42096764
0.8537278
0.358594
0.2640943
0.10662913
0.22352356
0.027073085
0.3409152
0.8456565
0.26136333
0.9699413
0.14451647
0.3055849
0.39042783
0.9670793
0.96295637
0.9918682
0.6766022
0.4452778
0.00049483776
0.3812979
0.26937288
0.98182225
0.2882105
0.0684911
0.56381
0.04478115
0.2604404
0.117827654
0.15422761
0.4108007
0.7758954
0.93835896
0.92609787
0.79719114
0.28976262
0.35394537
0.76663136
0.8654307
0.15894473
0.78008115
0.37354475
0.7109209
0.23902553
0.19082916
0.30565822
0.8910177
0.93837315
0.37110537
0.5418807
0.46183646
0.13388991
0.3631373
0.69197714
0.7673316
0.4570982
0.58687127
0.58804595
0.4366994
0.14196199
0.35441822
0.4966578
0.11334616
0.5197741
0.213224
0.3549701
0.13180923
0.32308668
0.051616073
0.91267097
0.21138984
0.16260105
0.0410949
0.37731957
0.074088395
0.400662
0.34826225
0.2944975
0.56351423
0.69548887
0.766516
0.51004183
0.3215862
0.16294217
0.7238227
0.3650908
0.52538747
0.93077964
0.21333754
0.22314715
0.59820604
0.050498486
0.8352336
0.43332934
0.5600643
0.6457373
0.5321108
0.40655798
0.22761613
0.3892488
0.50764376
0.52851313
0.12467682
0.7621806
0.58184695
0.7994356
0.3928994
0.42286962
0.76455295
0.1743654
0.61100286
0.8959546
0.77413344
0.5327674
0.20180196
0.38300186
0.35472506
0.9329873
0.23295683
0.57740825
0.68328667
0.49995136
0.15327221
0.19080907
0.6914204
0.67121625
0.2671455
0.3648724
0.75327736
0.5827947
0.5352741
0.27949643
0.28991836
0.6105989
0.6588968
0.4829747
0.41353434
0.04642111
0.77058214
0.19044465
0.06584269
0.74566096
0.83563244
0.31408834
0.6701916
0.05131668
0.864487
0.6489828
0.28162557
0.3965705
0.010135233
0.060694456
0.20721501
0.6772042
0.21783257
0.6739734
0.9858443
0.8187366
0.721028
0.26735824
0.65040165
0.6435209
0.76463336
0.19366825
0.8909039
0.5741074
0.85125226
0.25461215
0.73146504
0.7452247
0.88306
0.40614367
0.7410577
0.27470952
0.27813184
0.77031285
0.105336785
0.67566335
0.0013946295
0.9502697
0.20459855
0.72546047
0.99369985
0.8549318
0.3972509
0.643219
0.8286733
0.45193768
0.92473
0.9155351
0.5208645
0.68950635
0.6979111
0.17147702
0.72839147
0.0469203
0.42351937
0.65116274
0.5080665
0.92190534
0.25681287
0.70829463
0.6976716
0.64442235
0.2842366
0.8003769
0.45262873
0.13488281
0.72305983
0.47684467
0.34734082
0.8289488
0.05570209
0.41629392
0.16904926
0.6145961
0.10473174
0.66424406
0.12212688
0.24317014
0.20041323
0.9703005
0.32462108
0.51673657
0.36331832
0.20157462
0.02143538
0.6336003
0.110749364
0.35637337
0.69659567
0.59755003
0.637169
0.07196432
0.09646714
0.13882667
0.2073285
0.6986781
0.84655577
0.9092867
0.7327366
0.7221459
0.8888455
0.18517494
0.3149358
0.44314432
0.04313308
0.21414024
0.093111336
0.18390095
0.3129087
0.25984323
0.08787286
0.31044203
0.53923696
0.2609359
0.8441028
0.9227523
0.01662296
0.17357427
0.56025445
0.9476608
0.9751297
0.24884433
0.10525662
0.90056825
0.9506319
0.73844934
0.08415872
0.2910288
0.46273577
0.64264524
0.7062747
0.29573232
0.16110176
0.8508018
0.094144344
0.33542305
0.009136677
0.820206
0.52007985
0.25578725
0.5635916
0.8297783
0.27570152
0.9746308
0.0038776994
0.49056298
0.3450492
0.25815177
0.27663457
0.46397728
0.7184145
0.8245396
0.39804822
0.17791533
0.8237892
0.97460324
0.72555697
0.14580107
0.80157644
0.0672977
0.9504938
0.9160703
0.035237014
0.94195884
0.27088934
0.051207542
0.46638107
0.4268555
0.542837
0.4852869
0.56934214
0.696546
0.641675
0.37001932
0.02120912
0.87628055
0.5852163
0.51511973
0.21202207
0.49374187
0.21289802
0.5819444
0.5865364
0.49611908
0.43307644
0.18895227
0.3339669
0.03612411
0.8311454
0.023549259
0.79181373
0.13512564
0.74511176
0.0152964
0.289128
0.33304018
0.9592442
0.040799737
0.59157866
0.057978213
0.68541473
0.16439652
0.36225694
0.5592079
0.98057324
0.3297966
0.33557153
0.27310294
0.020130575
0.41476095
0.8271555
0.2505048
0.9409025
0.73172045
0.9219915
0.13408297
0.368187
0.26514667
0.46365
0.603838
0.9749676
0.81197983
0.08136487
0.68649703
0.8632856
0.7186583
0.7268087
0.26411062
0.93889713
0.6542309
0.57278574
0.8468835
0.89127886
0.5529479
0.92835176
0.56138134
0.8012371
0.22513145
0.8744702
0.83493805
0.37196624
0.502346
0.982742
0.09791249
0.8614783
0.08111966
0.5577324
0.2584859
0.2685166
0.7887291
0.13899142
0.18592775
0.6667134
0.047956347
0.22913432
0.9710896
0.45778233
0.68043363
0.47225165
0.9554966
0.30803102
0.3230194
0.59707916
0.65021396
0.76894236
0.7120665
0.635542
0.92385453
0.64338
0.856462
0.8331362
0.9879955
0.8358381
0.8253534
0.29977518
0.20483935
0.8865303
0.5870503
0.5512759
0.10143733
0.7702693
0.9217844
0.059811532
0.24897599
0.2668872
0.060557127
0.201765
0.51415426
0.013841867
0.025578558
0.34510136
0.8839936
0.95934564
0.8413189
0.42338789
0.15597576
0.018676579
0.043809056
0.39978665
0.13779116
0.44493717
0.42028034
0.40609622
0.28647482
0.23890918
0.48314106
0.24034089
0.8523968
0.28980666
0.8662231
0.7216568
0.5986188
0.092680275
0.7215411
0.88965535
0.8168891
0.7586059
0.48809308
0.56676686
0.16563356
0.24738556
0.6639762
0.3496958
0.44757694
0.48776543
0.8080558
0.85396963
0.7107134
0.2269218
0.69679654
0.26246125
0.53483194
0.83958787
0.98822236
0.3370611
0.61824304
0.3890075
0.090075195
0.48336333
0.66102695
0.6837387
0.46626544
0.64342886
0.7757057
0.9354217
0.45109624
0.0957616
0.70332617
0.35295802
0.3250662
0.009991288
0.6013182
0.02404052
0.29323554
0.21947807
0.6895344
0.34081805
0.8309421
0.80098027
0.28589708
0.44722837
0.5281797
0.6923177
0.27616698
0.03189951
0.8876378
0.9332792
0.9822833
0.30164945
0.3874377
0.5786673
0.885547
0.9714213
0.52500373
0.6655808
0.0457294
0.8343364
0.25747663
0.025827587
0.07017571
0.080347955
0.609499
0.09283137
0.4148525
0.8764812
0.90547985
0.69867873
0.85206914
0.5622307
0.28289402
0.7109992
0.058707952
0.689109
0.7630036
0.82979566
0.67935824
0.49363387
0.0872708
0.56718636
0.48069805
0.9348936
0.34737885
0.63943094
0.054632843
0.9851062
0.30003208
0.9638364
0.60658544
0.8443791
0.131904
0.06348008
0.8950229
0.34182227
0.11967081
0.8164321
0.34182376
0.7529231
0.9609582
0.09446192
0.13819706
0.7491787
0.7972916
0.119727194
0.9673391
0.84800917
0.06464678
0.473957
0.6095696
0.2210269
0.35346603
0.8539416
0.6392342
0.22966784
0.44390565
0.98628587
0.4255746
0.44438732
0.96694726
0.7563259
0.37430167
0.64892954
0.46316367
0.34329426
0.4688707
0.690121
0.8490842
0.56832933
0.42961836
0.8873349
0.68261766
0.54744035
0.7549909
0.4448384
0.064386606
0.90546775
0.46922696
0.24164808
0.19629043
0.63650966
0.035357058
0.09986472
0.8205756
0.24687374
0.93307394
0.9504543
0.9246608
0.66591716
0.39394194
0.9506237
0.6417839
0.3712257
0.33164585
0.6945488
0.74832183
0.7567969
0.814646
0.15086305
0.09788096
0.8552697
0.6904566
0.06281513
0.26895636
0.86468476
0.17292815
0.28336716
0.010161281
0.88945657
0.53107524
0.75938916
0.7510368
0.6499232
0.5453289
0.60852236
0.47728533
0.48269945
0.5947798
0.38158262
0.020095885
0.3495443
0.22501546
0.56156284
0.4171278
0.75996643
0.88592017
0.068044305
0.36964297
0.6688322
0.9440127
0.9034585
0.4451084
0.8884723
0.73353505
0.99024594
0.17443675
0.10563505
0.24164093
0.03989619
0.8767376
0.1995219
0.51807284
0.93404263
0.7836745
0.83387184
0.36475426
0.72696036
0.024923444
0.22875983
0.15936202
0.5913702
0.98978233
0.7103226
0.88039654
0.31264752
0.77921003
0.97513235
0.12654752
0.56063545
0.22350705
0.07150185
0.81866
0.3036154
0.9480672
0.3692466
0.594515
0.7638116
0.6523765
0.60814387
0.71079344
0.45692456
0.7830918
0.6300855
0.28269398
0.22649491
0.952903
0.2159037
0.72940046
0.0034932494
0.34474695
0.34663695
0.6172856
0.80431515
0.7057681
0.5820119
0.83759004
0.33029866
0.6962022
0.18673044
0.056253254
0.24121684
0.9953511
0.74123764
0.80238307
0.60714984
0.6871264
0.98287857
0.96926624
0.86875063
0.9565193
0.14596564
0.34844512
0.6265414
0.8394282
0.049584568
0.8451878
0.60256326
0.17617744
0.97183377
0.23993057
0.0065800548
0.14908546
0.978025
0.26538742
0.033061028
0.035559
0.049853742
0.19723243
0.35795408
0.23265278
0.9923595
0.89458406
0.6782397
0.5903823
0.28373444
0.34356993
0.46688986
0.79841334
0.14316857
0.48348135
0.62091494
0.35908717
0.55661964
0.33374757
0.48981684
0.5266792
